#square and square, nu_xymn_1
#MM NN: 0 0
#quadrature order: 16
#numpanels            c*(gradu.n)^2                      BEM        0.5*(gradu)^2 ex.       Boundary Formula 1       Boundary Formula 2
        14                        0       0.0524114048243436                        0       -0.144065200770922       -0.144065200770922                        0
        21                        0       0.0584268452128682                        0       -0.131878903344746       -0.131878903344746                        0
        28                        0       0.0600966164826513                        0       -0.126936649384579       -0.126936649384579                        0
        35                        0       0.0607690679203085                        0       -0.122809870911894       -0.122809870911894                        0
        42                        0       0.0611129908229372                        0       -0.119457667792521       -0.119457667792521                        0
        49                        0       0.0613251935585995                        0       -0.116622484954891       -0.116622484954891                        0
        56                        0       0.0614687995661744                        0       -0.114163777619415       -0.114163777619415                        0
        63                        0       0.0615726387081577                        0       -0.111994913811263       -0.111994913811263                        0
        70                        0       0.0616512891530592                        0       -0.110055420290846       -0.110055420290846                        0
        77                        0       0.0617129678683131                        0       -0.108302338724241       -0.108302338724241                        0
        84                        0       0.0617626510294927                        0       -0.106703748393213       -0.106703748393213                        0
        91                        0       0.0618035338646854                        0       -0.105235296400375       -0.105235296400375                        0
        98                        0       0.0618377644341239                        0       -0.103877956183284       -0.103877956183284                        0
       105                        0       0.0618668417138585                        0       -0.102616574913175       -0.102616574913175                        0
       112                        0       0.0618918444274892                        0       -0.101438885974298       -0.101438885974298                        0
       119                        0        0.061913569181661                        0       -0.100334819065544       -0.100334819065544                        0
       126                        0       0.0619326173207588                        0      -0.0992960054703883      -0.0992960054703883                        0
       133                        0       0.0619494514645717                        0      -0.0983154155363051      -0.0983154155363051                        0
       140                        0       0.0619644334238412                        0      -0.0973870879553993      -0.0973870879553993                        0
       147                        0        0.061977850293539                        0      -0.0965059242204678      -0.0965059242204678                        0
       154                        0       0.0619899328216752                        0      -0.0956675302528369      -0.0956675302528369                        0
       161                        0       0.0620008686017661                        0      -0.0948680927621342      -0.0948680927621342                        0
       168                        0       0.0620108117179018                        0      -0.0941042815729056      -0.0941042815729056                        0
       175                        0       0.0620198899096574                        0       -0.093373171634071       -0.093373171634071                        0
       182                        0       0.0620282099716137                        0      -0.0926721801345205      -0.0926721801345205                        0
       189                        0       0.0620358618757584                        0       -0.091999015344232       -0.091999015344232                        0
       196                        0       0.0620429219563116                        0       -0.091351634654773       -0.091351634654773                        0
       203                        0        0.062049455396985                        0      -0.0907282099003196      -0.0907282099003196                        0
       210                        0       0.0620555181928394                        0      -0.0901270984993666      -0.0901270984993666                        0
       217                        0       0.0620611587119392                        0      -0.0895468192796772      -0.0895468192796772                        0
       224                        0       0.0620664189489934                        0       -0.088986032108301       -0.088986032108301                        0
       231                        0       0.0620713355396446                        0      -0.0884435206270763      -0.0884435206270763                        0
       238                        0       0.0620759405871064                        0      -0.0879181775447722      -0.0879181775447722                        0
       245                        0       0.0620802623404511                        0      -0.0874089920456184      -0.0874089920456184                        0
       252                        0       0.0620843257547141                        0      -0.0869150389577833      -0.0869150389577833                        0
       259                        0       0.0620881529561649                        0       -0.086435469397608       -0.086435469397608                        0
       266                        0       0.0620917636309591                        0      -0.0859695026523679      -0.0859695026523679                        0
       273                        0       0.0620951753514997                        0      -0.0855164191117133      -0.0855164191117133                        0
       280                        0       0.0620984038518459                        0      -0.0850755540902863      -0.0850755540902863                        0
       287                        0       0.0621014632612156                        0       -0.084646292407864       -0.084646292407864                        0
       294                        0       0.0621043663028283                        0      -0.0842280636218859      -0.0842280636218859                        0
       301                        0       0.0621071244639474                        0      -0.0838203378154833      -0.0838203378154833                        0
       308                        0       0.0621097481418661                        0        -0.08342262187203        -0.08342262187203                        0
       315                        0       0.0621122467697179                        0      -0.0830344561636842      -0.0830344561636842                        0
       322                        0       0.0621146289252849                        0      -0.0826554116040926      -0.0826554116040926                        0
       329                        0       0.0621169024254243                        0      -0.0822850870184009      -0.0822850870184009                        0
       336                        0       0.0621190744082828                        0       -0.081923106786491       -0.081923106786491                        0
       343                        0       0.0621211514050977                        0      -0.0815691187326844      -0.0815691187326844                        0
       350                        0       0.0621231394030928                        0      -0.0812227922253784      -0.0812227922253784                        0
       357                        0       0.0621250439007281                        0      -0.0808838164655541      -0.0808838164655541                        0
       364                        0       0.0621268699563651                        0      -0.0805518989424041      -0.0805518989424041                        0
       371                        0        0.062128622231247                        0      -0.0802267640336166      -0.0802267640336166                        0
       378                        0       0.0621303050275472                        0      -0.0799081517387381      -0.0799081517387381                        0
       385                        0       0.0621319223221393                        0      -0.0795958165282324      -0.0795958165282324                        0
       392                        0       0.0621334777966343                        0      -0.0792895262941098      -0.0792895262941098                        0
       399                        0       0.0621349748641589                        0      -0.0789890613984793      -0.0789890613984793                        0
       406                        0       0.0621364166932787                        0      -0.0786942137979243      -0.0786942137979243                        0
       413                        0       0.0621378062294156                        0      -0.0784047862497858      -0.0784047862497858                        0
       420                        0       0.0621391462140591                        0      -0.0781205915804939      -0.0781205915804939                        0
       427                        0       0.0621404392020315                        0       -0.077841452016224       -0.077841452016224                        0
       434                        0       0.0621416875770334                        0      -0.0775671985678699      -0.0775671985678699                        0
       441                        0        0.062142893565666                        0      -0.0772976704656106      -0.0772976704656106                        0
       448                        0       0.0621440592501006                        0      -0.0770327146382782      -0.0770327146382782                        0
       455                        0       0.0621451865795438                        0      -0.0767721852309789      -0.0767721852309789                        0
       462                        0       0.0621462773806324                        0      -0.0765159431641928      -0.0765159431641928                        0
       469                        0       0.0621473333668715                        0      -0.0762638557201714      -0.0762638557201714                        0
       476                        0        0.062148356147213                        0      -0.0760157961661176      -0.0760157961661176                        0
       483                        0       0.0621493472338725                        0       -0.075771643400113       -0.075771643400113                        0
       490                        0       0.0621503080494527                        0      -0.0755312816249954      -0.0755312816249954                        0
       497                        0       0.0621512399334519                        0      -0.0752946000462732      -0.0752946000462732                        0
       504                        0       0.0621521441482129                        0      -0.0750614925877721      -0.0750614925877721                        0
       511                        0       0.0621530218843709                        0      -0.0748318576315503      -0.0748318576315503                        0
       518                        0       0.0621538742658475                        0      -0.0746055977708113      -0.0746055977708113                        0
       525                        0       0.0621547023544338                        0      -0.0743826195851424      -0.0743826195851424                        0
       532                        0       0.0621555071540031                        0      -0.0741628334229728      -0.0741628334229728                        0
       539                        0       0.0621562896143857                        0      -0.0739461532071879      -0.0739461532071879                        0
       546                        0       0.0621570506349378                        0      -0.0737324962467057      -0.0737324962467057                        0
       553                        0       0.0621577910678323                        0      -0.0735217830626131      -0.0735217830626131                        0
       560                        0        0.062158511721097                        0       -0.073313937224335       -0.073313937224335                        0
       567                        0       0.0621592133614208                        0      -0.0731088851984514      -0.0731088851984514                        0
       574                        0       0.0621598967167495                        0      -0.0729065562043598      -0.0729065562043598                        0
       581                        0       0.0621605624786897                        0      -0.0727068820790217      -0.0727068820790217                        0
       588                        0       0.0621612113047353                        0       -0.072509797150148       -0.072509797150148                        0
       595                        0       0.0621618438203347                        0      -0.0723152381191477      -0.0723152381191477                        0
       602                        0       0.0621624606208078                        0      -0.0721231439460589      -0.0721231439460589                        0
       609                        0       0.0621630622731293                        0       -0.071933455745423       -0.071933455745423                        0
       616                        0       0.0621636493175865                        0       -0.071746116688125       -0.071746116688125                        0
       623                        0       0.0621642222693221                        0      -0.0715610719040009      -0.0715610719040009                        0
       630                        0       0.0621647816197722                        0      -0.0713782683971871      -0.0713782683971871                        0
       637                        0       0.0621653278380072                        0      -0.0711976549601459      -0.0711976549601459                        0
       644                        0       0.0621658613719824                        0      -0.0710191820943789      -0.0710191820943789                        0
       651                        0       0.0621663826497063                        0      -0.0708428019383397      -0.0708428019383397                        0
       658                        0       0.0621668920803325                        0       -0.070668468191908       -0.070668468191908                        0
       665                        0       0.0621673900551804                        0      -0.0704961360551823      -0.0704961360551823                        0
       672                        0       0.0621678769486917                        0      -0.0703257621600701      -0.0703257621600701                        0
       679                        0       0.0621683531193246                        0      -0.0701573045137252      -0.0701573045137252                        0
       686                        0       0.0621688189103931                        0      -0.0699907224395378      -0.0699907224395378                        0
       693                        0       0.0621692746508546                        0      -0.0698259765224101      -0.0698259765224101                        0
       700                        0       0.0621697206560469                        0      -0.0696630285613021      -0.0696630285613021                        0
       707                        0       0.0621701572283828                        0      -0.0695018415149993      -0.0695018415149993                        0
       714                        0       0.0621705846580019                        0      -0.0693423794598114      -0.0693423794598114                        0
       721                        0       0.0621710032233824                        0       -0.069184607544047       -0.069184607544047                        0
       728                        0       0.0621714131919186                        0      -0.0690284919461046      -0.0690284919461046                        0
       735                        0       0.0621718148204638                        0      -0.0688739998341248      -0.0688739998341248                        0
       742                        0       0.0621722083558414                        0      -0.0687210993285711      -0.0687210993285711                        0
       749                        0       0.0621725940353264                        0      -0.0685697594674008      -0.0685697594674008                        0
       756                        0       0.0621729720871007                        0      -0.0684199501684951      -0.0684199501684951                        0
       763                        0       0.0621733427306824                        0      -0.0682716421987557      -0.0682716421987557                        0
       770                        0       0.0621737061773295                        0      -0.0681248071412903      -0.0681248071412903                        0
       777                        0       0.0621740626304234                        0      -0.0679794173686416      -0.0679794173686416                        0
       784                        0       0.0621744122858304                        0      -0.0678354460092569      -0.0678354460092569                        0
       791                        0       0.0621747553322434                        0      -0.0676928669259213      -0.0676928669259213                        0
       798                        0       0.0621750919515053                        0      -0.0675516546846065      -0.0675516546846065                        0
       805                        0       0.0621754223189158                        0      -0.0674117845314842      -0.0674117845314842                        0
       812                        0       0.0621757466035203                        0      -0.0672732323706136      -0.0672732323706136                        0
       819                        0       0.0621760649683858                        0      -0.0671359747378525      -0.0671359747378525                        0
