#square and square, nu_xymn_2
#MM NN: 0 0
#quadrature order: 16
#numpanels            c*(gradu.n)^2                      BEM        0.5*(gradu)^2 ex.       Boundary Formula 1       Boundary Formula 2
        14                        0       0.0524114048243436                        0       -0.144065200770923       -0.144065200770923                        0
        21                        0       0.0584268452128681                        0       -0.131878903344751       -0.131878903344751                        0
        28                        0       0.0600966164826512                        0       -0.126936649384582       -0.126936649384582                        0
        35                        0       0.0607690679203085                        0       -0.122809870911896       -0.122809870911896                        0
        42                        0       0.0611129908229372                        0       -0.119457667792528       -0.119457667792528                        0
        49                        0       0.0613251935585995                        0       -0.116622484954906       -0.116622484954906                        0
        56                        0       0.0614687995661744                        0       -0.114163777619406       -0.114163777619406                        0
        63                        0       0.0615726387081577                        0       -0.111994913811259       -0.111994913811259                        0
        70                        0       0.0616512891530591                        0       -0.110055420290855       -0.110055420290855                        0
        77                        0       0.0617129678683131                        0       -0.108302338724221       -0.108302338724221                        0
        84                        0       0.0617626510294927                        0       -0.106703748393206       -0.106703748393206                        0
        91                        0       0.0618035338646855                        0        -0.10523529640038        -0.10523529640038                        0
        98                        0       0.0618377644341238                        0       -0.103877956183286       -0.103877956183286                        0
       105                        0       0.0618668417138585                        0        -0.10261657491313        -0.10261657491313                        0
       112                        0       0.0618918444274891                        0       -0.101438885974334       -0.101438885974334                        0
       119                        0       0.0619135691816611                        0       -0.100334819065523       -0.100334819065523                        0
       126                        0       0.0619326173207589                        0      -0.0992960054703947      -0.0992960054703947                        0
       133                        0       0.0619494514645717                        0      -0.0983154155362983      -0.0983154155362983                        0
       140                        0       0.0619644334238412                        0      -0.0973870879553539      -0.0973870879553539                        0
       147                        0        0.061977850293539                        0      -0.0965059242204207      -0.0965059242204207                        0
       154                        0       0.0619899328216751                        0      -0.0956675302528058      -0.0956675302528058                        0
       161                        0        0.062000868601766                        0      -0.0948680927621562      -0.0948680927621562                        0
       168                        0       0.0620108117179018                        0      -0.0941042815729201      -0.0941042815729201                        0
       175                        0       0.0620198899096573                        0      -0.0933731716341261      -0.0933731716341261                        0
       182                        0       0.0620282099716138                        0      -0.0926721801345753      -0.0926721801345753                        0
       189                        0       0.0620358618757584                        0      -0.0919990153441095      -0.0919990153441095                        0
       196                        0       0.0620429219563115                        0      -0.0913516346547994      -0.0913516346547994                        0
       203                        0       0.0620494553969851                        0      -0.0907282099003417      -0.0907282099003417                        0
       210                        0       0.0620555181928394                        0      -0.0901270984994127      -0.0901270984994127                        0
       217                        0       0.0620611587119392                        0      -0.0895468192796605      -0.0895468192796605                        0
       224                        0       0.0620664189489933                        0      -0.0889860321082873      -0.0889860321082873                        0
       231                        0       0.0620713355396446                        0      -0.0884435206270502      -0.0884435206270502                        0
       238                        0       0.0620759405871065                        0      -0.0879181775447706      -0.0879181775447706                        0
       245                        0        0.062080262340451                        0      -0.0874089920455535      -0.0874089920455535                        0
       252                        0       0.0620843257547141                        0       -0.086915038957854       -0.086915038957854                        0
       259                        0       0.0620881529561648                        0      -0.0864354693975321      -0.0864354693975321                        0
       266                        0       0.0620917636309592                        0      -0.0859695026523399      -0.0859695026523399                        0
       273                        0       0.0620951753514997                        0      -0.0855164191117138      -0.0855164191117138                        0
       280                        0       0.0620984038518459                        0      -0.0850755540902301      -0.0850755540902301                        0
       287                        0       0.0621014632612156                        0      -0.0846462924079709      -0.0846462924079709                        0
       294                        0       0.0621043663028284                        0      -0.0842280636219079      -0.0842280636219079                        0
       301                        0       0.0621071244639473                        0      -0.0838203378155064      -0.0838203378155064                        0
       308                        0        0.062109748141866                        0      -0.0834226218720228      -0.0834226218720228                        0
       315                        0        0.062112246769718                        0      -0.0830344561638178      -0.0830344561638178                        0
       322                        0       0.0621146289252849                        0      -0.0826554116040719      -0.0826554116040719                        0
       329                        0       0.0621169024254243                        0      -0.0822850870182978      -0.0822850870182978                        0
       336                        0       0.0621190744082828                        0      -0.0819231067864475      -0.0819231067864475                        0
       343                        0       0.0621211514050977                        0      -0.0815691187327501      -0.0815691187327501                        0
       350                        0       0.0621231394030928                        0      -0.0812227922254351      -0.0812227922254351                        0
       357                        0        0.062125043900728                        0      -0.0808838164655821      -0.0808838164655821                        0
       364                        0       0.0621268699563652                        0      -0.0805518989424759      -0.0805518989424759                        0
       371                        0       0.0621286222312471                        0      -0.0802267640336832      -0.0802267640336832                        0
       378                        0       0.0621303050275472                        0      -0.0799081517388369      -0.0799081517388369                        0
       385                        0       0.0621319223221393                        0       -0.079595816528368       -0.079595816528368                        0
       392                        0       0.0621334777966344                        0      -0.0792895262941614      -0.0792895262941614                        0
       399                        0       0.0621349748641589                        0      -0.0789890613983565      -0.0789890613983565                        0
       406                        0       0.0621364166932787                        0      -0.0786942137979878      -0.0786942137979878                        0
       413                        0       0.0621378062294157                        0      -0.0784047862498193      -0.0784047862498193                        0
       420                        0       0.0621391462140591                        0      -0.0781205915805815      -0.0781205915805815                        0
       427                        0       0.0621404392020315                        0      -0.0778414520162158      -0.0778414520162158                        0
       434                        0       0.0621416875770334                        0       -0.077567198567765       -0.077567198567765                        0
       441                        0       0.0621428935656662                        0       -0.077297670465738       -0.077297670465738                        0
       448                        0       0.0621440592501007                        0      -0.0770327146383368      -0.0770327146383368                        0
       455                        0       0.0621451865795437                        0      -0.0767721852309651      -0.0767721852309651                        0
       462                        0       0.0621462773806325                        0      -0.0765159431642279      -0.0765159431642279                        0
       469                        0       0.0621473333668714                        0      -0.0762638557202596      -0.0762638557202596                        0
       476                        0        0.062148356147213                        0      -0.0760157961660811      -0.0760157961660811                        0
       483                        0       0.0621493472338724                        0      -0.0757716433998631      -0.0757716433998631                        0
       490                        0       0.0621503080494527                        0      -0.0755312816249977      -0.0755312816249977                        0
       497                        0       0.0621512399334519                        0      -0.0752946000463577      -0.0752946000463577                        0
       504                        0       0.0621521441482129                        0      -0.0750614925878582      -0.0750614925878582                        0
       511                        0       0.0621530218843709                        0      -0.0748318576314066      -0.0748318576314066                        0
       518                        0       0.0621538742658475                        0      -0.0746055977708417      -0.0746055977708417                        0
       525                        0       0.0621547023544338                        0      -0.0743826195851317      -0.0743826195851317                        0
       532                        0       0.0621555071540033                        0      -0.0741628334232985      -0.0741628334232985                        0
       539                        0       0.0621562896143857                        0      -0.0739461532071818      -0.0739461532071818                        0
       546                        0       0.0621570506349378                        0      -0.0737324962466371      -0.0737324962466371                        0
       553                        0       0.0621577910678323                        0      -0.0735217830623885      -0.0735217830623885                        0
       560                        0        0.062158511721097                        0      -0.0733139372244674      -0.0733139372244674                        0
       567                        0       0.0621592133614208                        0      -0.0731088851984156      -0.0731088851984156                        0
       574                        0       0.0621598967167495                        0      -0.0729065562044539      -0.0729065562044539                        0
       581                        0       0.0621605624786896                        0      -0.0727068820789495      -0.0727068820789495                        0
       588                        0       0.0621612113047353                        0       -0.072509797149955       -0.072509797149955                        0
       595                        0       0.0621618438203346                        0       -0.072315238119038       -0.072315238119038                        0
       602                        0       0.0621624606208078                        0      -0.0721231439461625      -0.0721231439461625                        0
       609                        0       0.0621630622731293                        0       -0.071933455745554       -0.071933455745554                        0
       616                        0       0.0621636493175865                        0      -0.0717461166880247      -0.0717461166880247                        0
       623                        0       0.0621642222693222                        0       -0.071561071904074       -0.071561071904074                        0
       630                        0       0.0621647816197722                        0      -0.0713782683971591      -0.0713782683971591                        0
       637                        0       0.0621653278380072                        0       -0.071197654960441       -0.071197654960441                        0
       644                        0       0.0621658613719824                        0      -0.0710191820942188      -0.0710191820942188                        0
       651                        0       0.0621663826497064                        0      -0.0708428019385771      -0.0708428019385771                        0
       658                        0       0.0621668920803325                        0      -0.0706684681922029      -0.0706684681922029                        0
       665                        0       0.0621673900551804                        0      -0.0704961360553018      -0.0704961360553018                        0
       672                        0       0.0621678769486916                        0      -0.0703257621601332      -0.0703257621601332                        0
       679                        0       0.0621683531193245                        0      -0.0701573045135853      -0.0701573045135853                        0
       686                        0       0.0621688189103932                        0      -0.0699907224394843      -0.0699907224394843                        0
       693                        0       0.0621692746508546                        0      -0.0698259765228615      -0.0698259765228615                        0
       700                        0       0.0621697206560469                        0       -0.069663028561508       -0.069663028561508                        0
       707                        0       0.0621701572283829                        0      -0.0695018415150224      -0.0695018415150224                        0
       714                        0       0.0621705846580019                        0      -0.0693423794598195      -0.0693423794598195                        0
       721                        0       0.0621710032233824                        0       -0.069184607544198       -0.069184607544198                        0
       728                        0       0.0621714131919186                        0      -0.0690284919462327      -0.0690284919462327                        0
       735                        0       0.0621718148204639                        0      -0.0688739998342892      -0.0688739998342892                        0
       742                        0       0.0621722083558413                        0      -0.0687210993285038      -0.0687210993285038                        0
       749                        0       0.0621725940353264                        0      -0.0685697594672712      -0.0685697594672712                        0
       756                        0       0.0621729720871007                        0      -0.0684199501684742      -0.0684199501684742                        0
       763                        0       0.0621733427306824                        0      -0.0682716421988395      -0.0682716421988395                        0
       770                        0       0.0621737061773296                        0      -0.0681248071414093      -0.0681248071414093                        0
       777                        0       0.0621740626304234                        0      -0.0679794173687368      -0.0679794173687368                        0
       784                        0       0.0621744122858305                        0      -0.0678354460095119      -0.0678354460095119                        0
       791                        0       0.0621747553322435                        0      -0.0676928669259413      -0.0676928669259413                        0
       798                        0       0.0621750919515053                        0      -0.0675516546845528      -0.0675516546845528                        0
       805                        0       0.0621754223189157                        0      -0.0674117845316484      -0.0674117845316484                        0
       812                        0       0.0621757466035202                        0      -0.0672732323707251      -0.0672732323707251                        0
       819                        0       0.0621760649683859                        0      -0.0671359747378182      -0.0671359747378182                        0
