#square and square, nu_xymn_2
#MM NN: 0 0
#quadrature order: 16
#numpanels            c*(gradu.n)^2                      BEM        0.5*(gradu)^2 ex.       Boundary Formula 1       Boundary Formula 2
        14                        0      0.00191600179788094                        0       0.0138671772172468       0.0138671772172468                        0
        21                        0      0.00220643419965112                        0       0.0152945030218436       0.0152945030218436                        0
        28                        0      0.00238690289051425                        0       0.0138184227577678       0.0138184227577678                        0
        35                        0      0.00246888117377115                        0        0.012865541932978        0.012865541932978                        0
        42                        0      0.00252086127837618                        0       0.0120969817674924       0.0120969817674924                        0
        49                        0      0.00255614438893248                        0       0.0114665434127259       0.0114665434127259                        0
        56                        0      0.00258190387642247                        0       0.0109297208082228       0.0109297208082228                        0
        63                        0      0.00260155019470191                        0       0.0104646626655768       0.0104646626655768                        0
        70                        0      0.00261704385517377                        0        0.010055655682097        0.010055655682097                        0
        77                        0      0.00262958049587069                        0       0.0096915724428365       0.0096915724428365                        0
        84                        0      0.00263993499327431                        0      0.00936419037639663      0.00936419037639663                        0
        91                        0      0.00264863213588585                        0      0.00906729719988625      0.00906729719988625                        0
        98                        0      0.00265604042169638                        0      0.00879609347058341      0.00879609347058341                        0
       105                        0      0.00266242639515503                        0      0.00854680123748167      0.00854680123748167                        0
       112                        0      0.00266798772239775                        0       0.0083163974695612       0.0083163974695612                        0
       119                        0      0.00267287413937733                        0      0.00810242829999716      0.00810242829999716                        0
       126                        0      0.00267720117548913                        0      0.00790287654324406      0.00790287654324406                        0
       133                        0      0.00268105940792837                        0      0.00771606529048863      0.00771606529048863                        0
       140                        0      0.00268452086075492                        0      0.00754058648530659      0.00754058648530659                        0
       147                        0      0.00268764352795395                        0      0.00737524714228105      0.00737524714228105                        0
       154                        0      0.00269047463321186                        0      0.00721902826060827      0.00721902826060827                        0
       161                        0      0.00269305302028379                        0      0.00707105301747116      0.00707105301747116                        0
       168                        0      0.00269541093326872                        0      0.00693056185306234      0.00693056185306234                        0
       175                        0      0.00269757536122557                        0      0.00679689273761874      0.00679689273761874                        0
       182                        0      0.00269956906674672                        0      0.00666946538720609      0.00666946538720609                        0
       189                        0      0.00270141138194407                        0      0.00654776852203384      0.00654776852203384                        0
       196                        0      0.00270311883102347                        0      0.00643134949375296      0.00643134949375296                        0
       203                        0      0.00270470562199672                        0      0.00631980577483909      0.00631980577483909                        0
       210                        0      0.00270618403855095                        0      0.00621277792447139      0.00621277792447139                        0
       217                        0      0.00270756475496405                        0      0.00610994373756316      0.00610994373756316                        0
       224                        0      0.00270885709114207                        0      0.00601101334410986      0.00601101334410986                        0
       231                        0      0.00271006922065135                        0       0.0059157250849603       0.0059157250849603                        0
       238                        0      0.00271120834156152                        0      0.00582384201600011      0.00582384201600011                        0
       245                        0      0.00271228081762416                        0       0.0057351489359278       0.0057351489359278                        0
       252                        0      0.00271329229563158                        0      0.00564944984205379      0.00564944984205379                        0
       259                        0      0.00271424780351487                        0      0.00556656574549633      0.00556656574549633                        0
       266                        0      0.00271515183277397                        0      0.00548633278492805      0.00548633278492805                        0
       273                        0      0.00271600840807245                        0      0.00540860059380385      0.00540860059380385                        0
       280                        0      0.00271682114628793                        0      0.00533323087846443      0.00533323087846443                        0
       287                        0      0.00271759330681593                        0      0.00526009617977927      0.00526009617977927                        0
       294                        0      0.00271832783461714                        0      0.00518907878420516      0.00518907878420516                        0
       301                        0      0.00271902739719032                        0      0.00512006977108223      0.00512006977108223                        0
       308                        0      0.00271969441645458                        0      0.00505296817054585      0.00505296817054585                        0
       315                        0      0.00272033109633513                        0      0.00498768021872034      0.00498768021872034                        0
       322                        0      0.00272093944671525                        0      0.00492411869876813      0.00492411869876813                        0
       329                        0      0.00272152130430233                        0      0.00486220235361717      0.00486220235361717                        0
       336                        0      0.00272207835085677                        0      0.00480185536318323      0.00480185536318323                        0
       343                        0      0.00272261212917176                        0      0.00474300687726792      0.00474300687726792                        0
       350                        0      0.00272312405711087                        0      0.00468559059669638      0.00468559059669638                        0
       357                        0      0.00272361543998813                        0      0.00462954439705607      0.00462954439705607                        0
       364                        0      0.00272408748149751                        0      0.00457480999152815      0.00457480999152815                        0
       371                        0      0.00272454129339673                        0      0.00452133262527069      0.00452133262527069                        0
       378                        0      0.00272497790410833                        0      0.00446906079959042      0.00446906079959042                        0
       385                        0      0.00272539826637009                        0      0.00441794602340759      0.00441794602340759                        0
       392                        0      0.00272580326406078                        0       0.0043679425863693       0.0043679425863693                        0
       399                        0      0.00272619371829864                        0      0.00431900735430801      0.00431900735430801                        0
       406                        0      0.00272657039290725                        0      0.00427109958120581      0.00427109958120581                        0
       413                        0      0.00272693399931716                        0       0.0042241807381676       0.0042241807381676                        0
       420                        0      0.00272728520097523                        0      0.00417821436060284      0.00417821436060284                        0
       427                        0      0.00272762461731573                        0      0.00413316590179413      0.00413316590179413                        0
       434                        0      0.00272795282734272                        0      0.00408900260560302      0.00408900260560302                        0
       441                        0      0.00272827037287192                        0      0.00404569338585811      0.00404569338585811                        0
       448                        0      0.00272857776146378                        0      0.00400320871576337      0.00400320871576337                        0
       455                        0      0.00272887546908001                        0      0.00396152052800586      0.00396152052800586                        0
       462                        0      0.00272916394250489                        0      0.00392060212091772      0.00392060212091772                        0
       469                        0      0.00272944360154055                        0      0.00388042807219857      0.00388042807219857                        0
       476                        0      0.00272971484101122                        0      0.00384097416090406      0.00384097416090406                        0
       483                        0      0.00272997803258819                        0      0.00380221729353813      0.00380221729353813                        0
       490                        0      0.00273023352646105                        0      0.00376413543524323      0.00376413543524323                        0
       497                        0        0.002730481652865                        0      0.00372670754854873      0.00372670754854873                        0
       504                        0      0.00273072272347725                        0      0.00368991353555814      0.00368991353555814                        0
       511                        0      0.00273095703270079                        0      0.00365373417983253      0.00365373417983253                        0
       518                        0      0.00273118485884489                        0      0.00361815110149016      0.00361815110149016                        0
       525                        0      0.00273140646520479                        0      0.00358314670639048      0.00358314670639048                        0
       532                        0      0.00273162210105951                        0      0.00354870414412051      0.00354870414412051                        0
       539                        0       0.0027318320025915                        0      0.00351480726745546      0.00351480726745546                        0
       546                        0      0.00273203639373249                        0      0.00348144059326944      0.00348144059326944                        0
       553                        0      0.00273223548694689                        0      0.00344858926909733      0.00344858926909733                        0
       560                        0      0.00273242948395508                        0      0.00341623903671778      0.00341623903671778                        0
       567                        0      0.00273261857640183                        0      0.00338437620647294      0.00338437620647294                        0
       574                        0      0.00273280294647778                        0      0.00335298762211067      0.00335298762211067                        0
       581                        0       0.0027329827674929                        0       0.0033220606367321       0.0033220606367321                        0
       588                        0      0.00273315820441024                        0      0.00329158308891003      0.00329158308891003                        0
