#square and square, nu_xymn_1
#MM NN: 0 0
#quadrature order: 16
#numpanels            c*(gradu.n)^2                      BEM        0.5*(gradu)^2 ex.       Boundary Formula 1       Boundary Formula 2
        10                        0        0.453803448588477                        0    -8.80175031344629e-17    -8.80175031344629e-17                        0
        15                        0         1.04563571719061                        0        0.786996394707535        0.786996394707535                        0
        20                        0         1.02323509112401                        0        0.747494878485159        0.747494878485159                        0
        25                        0         1.12623532167018                        0        0.778157073482657        0.778157073482657                        0
        30                        0         1.28595878387412                        0        0.989001546010116        0.989001546010116                        0
        35                        0         1.50821920913051                        0        0.934261333676316        0.934261333676316                        0
        40                        0         1.73116104842732                        0         1.13051108086239         1.13051108086239                        0
        45                        0          1.9420845288193                        0         1.54686480052595         1.54686480052595                        0
        50                        0         2.11821578806346                        0         1.72571865282067         1.72571865282067                        0
        55                        0         2.26519859681754                        0         1.86329674517517         1.86329674517517                        0
        60                        0          2.3867839699024                        0         2.13271330401923         2.13271330401923                        0
        65                        0         2.48282960410815                        0         2.28132585438925         2.28132585438925                        0
        70                        0         2.55878041766373                        0         2.35325009857382         2.35325009857382                        0
        75                        0         2.61887513244793                        0         2.49711643543103         2.49711643543103                        0
        80                        0         2.66595240757026                        0         2.59523942666798         2.59523942666798                        0
        85                        0         2.70248947206336                        0         2.62702620141951         2.62702620141951                        0
        90                        0         2.73138695548986                        0         2.69193167307889         2.69193167307889                        0
        95                        0         2.75407124198261                        0         2.74917148498714         2.74917148498714                        0
       100                        0         2.77187487789483                        0         2.76364356515311         2.76364356515311                        0
       105                        0          2.7860205154884                        0         2.78917738687198         2.78917738687198                        0
       110                        0         2.79732502243598                        0         2.81998965544404         2.81998965544404                        0
       115                        0          2.8063344759578                        0         2.82754208501916         2.82754208501916                        0
       120                        0         2.81361452818252                        0         2.83601940427178         2.83601940427178                        0
       125                        0         2.81954506157883                        0         2.85133292321082         2.85133292321082                        0
       130                        0         2.82438296794582                        0         2.85576395047484         2.85576395047484                        0
       135                        0         2.82836908176555                        0         2.85776772663956         2.85776772663956                        0
       140                        0         2.83168993067605                        0         2.86468504645303         2.86468504645303                        0
       145                        0          2.8344640645154                        0         2.86732937776667         2.86732937776667                        0
       150                        0         2.83680019592278                        0         2.86726720551144         2.86726720551144                        0
       155                        0         2.83878796460739                        0         2.86996165513349         2.86996165513349                        0
       160                        0         2.84048648474701                        0         2.87141853352621         2.87141853352621                        0
       165                        0         2.84194643875494                        0         2.87088191201956         2.87088191201956                        0
       170                        0         2.84321224273681                        0          2.8716187441167          2.8716187441167                        0
       175                        0         2.84431496069066                        0         2.87227859286507         2.87227859286507                        0
       180                        0         2.84527972776642                        0         2.87173383762389         2.87173383762389                        0
       185                        0         2.84612952036874                        0         2.87165278747936         2.87165278747936                        0
       190                        0         2.84688137802828                        0         2.87181160589109         2.87181160589109                        0
       195                        0         2.84754886516812                        0         2.87134251791491         2.87134251791491                        0
       200                        0         2.84814434866997                        0         2.87097269641387         2.87097269641387                        0
       205                        0         2.84867771780764                        0         2.87084661731148         2.87084661731148                        0
       210                        0         2.84915677111877                        0         2.87043894762425         2.87043894762425                        0
       215                        0         2.84958859599526                        0         2.87000346475601         2.87000346475601                        0
       220                        0         2.84997914226637                        0         2.86973639694308         2.86973639694308                        0
       225                        0         2.85033320242467                        0         2.86936771733085         2.86936771733085                        0
       230                        0         2.85065505711116                        0         2.86894857512879         2.86894857512879                        0
       235                        0         2.85094843780383                        0         2.86862730203715         2.86862730203715                        0
       240                        0         2.85121642720791                        0         2.86828550512532         2.86828550512532                        0
       245                        0         2.85146175020163                        0         2.86790581236655         2.86790581236655                        0
       250                        0         2.85168682961719                        0         2.86757752301612         2.86757752301612                        0
       255                        0         2.85189372264655                        0         2.86725890316263         2.86725890316263                        0
       260                        0         2.85208423953852                        0         2.86692034505542         2.86692034505542                        0
       265                        0         2.85226000529424                        0         2.86660772068289         2.86660772068289                        0
       270                        0         2.85242243196216                        0           2.866312241201           2.866312241201                        0
       275                        0         2.85257276431023                        0         2.86601043486741         2.86601043486741                        0
       280                        0         2.85271212401647                        0         2.86572243742867         2.86572243742867                        0
       285                        0         2.85284150312437                        0         2.86545066485124         2.86545066485124                        0
       290                        0         2.85296178102019                        0         2.86518056483025         2.86518056483025                        0
       295                        0         2.85307375179372                        0         2.86491921228426         2.86491921228426                        0
       300                        0         2.85317812644024                        0         2.86467106764873         2.86467106764873                        0
       305                        0         2.85327553994479                        0         2.86442839152418         2.86442839152418                        0
       310                        0         2.85336656677978                        0         2.86419258701382         2.86419258701382                        0
       315                        0         2.85345172576479                        0         2.86396715326128         2.86396715326128                        0
       320                        0         2.85353148370327                        0         2.86374847039023         2.86374847039023                        0
       325                        0         2.85360626407417                        0         2.86353596663631         2.86353596663631                        0
       330                        0         2.85367645161824                        0         2.86333171531264         2.86333171531264                        0
       335                        0          2.8537423948893                        0         2.86313422699856         2.86313422699856                        0
       340                        0         2.85380441113644                        0         2.86294253535286         2.86294253535286                        0
       345                        0          2.8538627899143                        0           2.862757625956           2.862757625956                        0
       350                        0         2.85391779508336                        0         2.86257896231076         2.86257896231076                        0
       355                        0         2.85396966770285                        0         2.86240572075391         2.86240572075391                        0
       360                        0         2.85401862862465                        0         2.86223823691972         2.86223823691972                        0
       365                        0         2.85406488010259                        0         2.86207633082081         2.86207633082081                        0
       370                        0         2.85410860761777                        0         2.86191942093672         2.86191942093672                        0
       375                        0         2.85414998168321                        0         2.86176751755869         2.86176751755869                        0
       380                        0         2.85418915910997                        0         2.86162053822955         2.86162053822955                        0
       385                        0         2.85422628423641                        0         2.86147809884697         2.86147809884697                        0
       390                        0          2.8542614901775                        0          2.8613400766758          2.8613400766758                        0
       395                        0         2.85429489979597                        0         2.86120639566963         2.86120639566963                        0
       400                        0         2.85432662657447                        0         2.86107680102861         2.86107680102861                        0
       405                        0         2.85435677548907                        0         2.86095113390979         2.86095113390979                        0
       410                        0         2.85438544374251                        0         2.86082930473578         2.86082930473578                        0
       415                        0         2.85441272140345                        0          2.8607111348274          2.8607111348274                        0
       420                        0         2.85443869202925                        0         2.86059647040815         2.86059647040815                        0
       425                        0         2.85446343321499                        0          2.8604852123158          2.8604852123158                        0
       430                        0         2.85448701707152                        0            2.86037722485            2.86037722485                        0
       435                        0         2.85450951067869                        0         2.86027237257339         2.86027237257339                        0
       440                        0         2.85453097649636                        0         2.86017055495148         2.86017055495148                        0
       445                        0         2.85455147272598                        0          2.8600716611694          2.8600716611694                        0
       450                        0         2.85457105364697                        0         2.85997557551615         2.85997557551615                        0
       455                        0         2.85458976992568                        0         2.85988220225394         2.85988220225394                        0
       460                        0          2.8546076688912                        0         2.85979144642539         2.85979144642539                        0
       465                        0         2.85462479478892                        0         2.85970320946752         2.85970320946752                        0
       470                        0         2.85464118901482                        0         2.85961740366177         2.85961740366177                        0
       475                        0         2.85465689032693                        0         2.85953394560494         2.85953394560494                        0
       480                        0         2.85467193503923                        0         2.85945275067832         2.85945275067832                        0
       485                        0         2.85468635720076                        0          2.8593737402203          2.8593737402203                        0
       490                        0         2.85470018875897                        0         2.85929684025525         2.85929684025525                        0
       495                        0          2.8547134597094                        0         2.85922197738571         2.85922197738571                        0
       500                        0           2.854726198234                        0         2.85914908180105         2.85914908180105                        0
       505                        0         2.85473843082811                        0         2.85907808771475         2.85907808771475                        0
       510                        0         2.85475018241707                        0         2.85900893088862         2.85900893088862                        0
       515                        0           2.854761476464                        0         2.85894154959556         2.85894154959556                        0
       520                        0         2.85477233506913                        0         2.85887588532387         2.85887588532387                        0
       525                        0          2.8547827790614                        0         2.85881188147375         2.85881188147375                        0
       530                        0         2.85479282808315                        0         2.85874948346701         2.85874948346701                        0
       535                        0         2.85480250066837                        0         2.85868863927025         2.85868863927025                        0
       540                        0         2.85481181431514                        0         2.85862929877895         2.85862929877895                        0
       545                        0         2.85482078555262                        0         2.85857141365185         2.85857141365185                        0
       550                        0         2.85482943000327                        0         2.85851493760022         2.85851493760022                        0
       555                        0         2.85483776244039                        0         2.85845982612107         2.85845982612107                        0
       560                        0         2.85484579684157                        0         2.85840603629394         2.85840603629394                        0
       565                        0         2.85485354643835                        0         2.85835352689984         2.85835352689984                        0
       570                        0         2.85486102376238                        0         2.85830225830984         2.85830225830984                        0
       575                        0          2.8548682406882                        0         2.85825219231924         2.85825219231924                        0
       580                        0         2.85487520847328                        0         2.85820329216908         2.85820329216908                        0
       585                        0         2.85488193779509                        0         2.85815552249377         2.85815552249377                        0
       590                        0         2.85488843878575                        0         2.85810884920252         2.85810884920252                        0
       595                        0         2.85489472106428                        0         2.85806323945485         2.85806323945485                        0
       600                        0         2.85490079376673                        0         2.85801866162622         2.85801866162622                        0
       605                        0         2.85490666557427                        0         2.85797508522617         2.85797508522617                        0
       610                        0         2.85491234473944                        0         2.85793248085745         2.85793248085745                        0
       615                        0         2.85491783911064                        0          2.8578908201854          2.8578908201854                        0
       620                        0         2.85492315615514                        0         2.85785007588001         2.85785007588001                        0
       625                        0         2.85492830298046                        0         2.85781022157323         2.85781022157323                        0
       630                        0         2.85493328635449                        0         2.85777123182857         2.85777123182857                        0
       635                        0         2.85493811272429                        0         2.85773308209809         2.85773308209809                        0
