#square and square, nu_xymn_2
#MM NN: 0 0
#quadrature order: 16
#numpanels            c*(gradu.n)^2                      BEM        0.5*(gradu)^2 ex.       Boundary Formula 1       Boundary Formula 2
        10                        0        0.165265435633019                        0        0.129288220174492        0.129288220174492                        0
        15                        0        0.161155745304354                        0        0.207525935441947        0.207525935441947                        0
        20                        0        0.198446002834707                        0        0.196604062690559        0.196604062690559                        0
        25                        0        0.192966027158886                        0        0.189268695595965        0.189268695595965                        0
        30                        0        0.197773265534189                        0        0.208858469972187        0.208858469972187                        0
        35                        0        0.179788827679046                        0        0.149374213418638        0.149374213418638                        0
        40                        0        0.183215502491847                        0        0.157743713645807        0.157743713645807                        0
        45                        0         0.18038300820941                        0        0.177764119166648        0.177764119166648                        0
        50                        0        0.181164279692783                        0        0.169747017395002        0.169747017395002                        0
        55                        0        0.180718348173761                        0         0.16525513464946         0.16525513464946                        0
        60                        0        0.182003304277399                        0        0.180810411532732        0.180810411532732                        0
        65                        0        0.181517531865155                        0        0.176021405129486        0.176021405129486                        0
        70                        0        0.181895388138231                        0        0.174232024522691        0.174232024522691                        0
        75                        0        0.182028700294648                        0         0.18062178057411         0.18062178057411                        0
        80                        0        0.182039028643778                        0        0.180103167465581        0.180103167465581                        0
        85                        0        0.182065362678816                        0        0.177682745637855        0.177682745637855                        0
        90                        0        0.182169760454528                        0        0.180943357284207        0.180943357284207                        0
        95                        0        0.182159204378723                        0        0.181256806161199        0.181256806161199                        0
       100                        0        0.182169211725282                        0        0.179682971601187        0.179682971601187                        0
       105                        0        0.182210984929454                        0        0.181041603164331        0.181041603164331                        0
       110                        0        0.182214365071739                        0        0.181651513861177        0.181651513861177                        0
       115                        0        0.182215989939099                        0        0.180757365634094        0.180757365634094                        0
       120                        0        0.182233153785182                        0        0.181228375963823        0.181228375963823                        0
       125                        0        0.182239407609165                        0        0.181770153268615        0.181770153268615                        0
       130                        0        0.182239308402866                        0         0.18133660747876         0.18133660747876                        0
       135                        0        0.182247411011562                        0        0.181447875666889        0.181447875666889                        0
       140                        0         0.18225166395008                        0        0.181813721165948        0.181813721165948                        0
       145                        0        0.182252657444578                        0        0.181652517860766        0.181652517860766                        0
       150                        0        0.182256056650451                        0        0.181637595939114        0.181637595939114                        0
       155                        0        0.182259219441933                        0        0.181856958914909        0.181856958914909                        0
       160                        0        0.182260131577307                        0        0.181822356546651        0.181822356546651                        0
       165                        0        0.182261987752483                        0        0.181786674833536        0.181786674833536                        0
       170                        0        0.182263902839347                        0        0.181904716841066        0.181904716841066                        0
       175                        0        0.182264854976545                        0        0.181920311121279        0.181920311121279                        0
       180                        0        0.182265902462847                        0         0.18189451529962         0.18189451529962                        0
       185                        0        0.182267138937601                        0        0.181954286658694        0.181954286658694                        0
       190                        0        0.182267911678843                        0        0.181982138705206        0.181982138705206                        0
       195                        0        0.182268615090803                        0        0.181970797070232        0.181970797070232                        0
       200                        0        0.182269413466703                        0        0.182000247886391        0.182000247886391                        0
       205                        0        0.182270017285125                        0        0.182025918341997        0.182025918341997                        0
       210                        0        0.182270524309231                        0        0.182024850586811        0.182024850586811                        0
       215                        0        0.182271064564879                        0        0.182040053316302        0.182040053316302                        0
       220                        0        0.182271522418686                        0        0.182059765588359        0.182059765588359                        0
       225                        0         0.18227190469084                        0        0.182064126832697        0.182064126832697                        0
       230                        0        0.182272287726849                        0        0.182073171113974        0.182073171113974                        0
       235                        0         0.18227263269892                        0        0.182087315951182        0.182087315951182                        0
       240                        0        0.182272927688237                        0        0.182093721430713        0.182093721430713                        0
       245                        0        0.182273210349083                        0        0.182100225063828        0.182100225063828                        0
       250                        0        0.182273472381375                        0        0.182110277457321        0.182110277457321                        0
       255                        0         0.18227370277714                        0         0.18211687183558         0.18211687183558                        0
       260                        0        0.182273918238847                        0        0.182122257285719        0.182122257285719                        0
       265                        0        0.182274120060296                        0        0.182129590479907        0.182129590479907                        0
       270                        0         0.18227430170814                        0        0.182135571634653        0.182135571634653                        0
       275                        0        0.182274470000568                        0        0.182140310425829        0.182140310425829                        0
       280                        0        0.182274627905973                        0        0.182145903929348        0.182145903929348                        0
       285                        0        0.182274772516404                        0        0.182151045750026        0.182151045750026                        0
       290                        0        0.182274906322195                        0        0.182155266051143        0.182155266051143                        0
       295                        0         0.18227503183424                        0        0.182159734862379        0.182159734862379                        0
       300                        0        0.182275148086906                        0        0.182164072098188        0.182164072098188                        0
       305                        0        0.182275255976535                        0        0.182167810272371        0.182167810272371                        0
       310                        0        0.182275357158111                        0        0.182171516838188        0.182171516838188                        0
       315                        0        0.182275451563619                        0        0.182175171746137        0.182175171746137                        0
       320                        0        0.182275539559413                        0        0.182178457936823        0.182178457936823                        0
       325                        0        0.182275622145261                        0        0.182181612308184        0.182181612308184                        0
       330                        0        0.182275699573303                        0        0.182184715655147        0.182184715655147                        0
       335                        0        0.182275772059328                        0        0.182187591440148        0.182187591440148                        0
       340                        0        0.182275840200393                        0        0.182190319276422        0.182190319276422                        0
       345                        0        0.182275904302978                        0         0.18219298213981         0.18219298213981                        0
       350                        0        0.182275964550197                        0         0.18219549679431         0.18219549679431                        0
       355                        0        0.182276021306101                        0        0.182197879108169        0.182197879108169                        0
       360                        0        0.182276074843855                        0        0.182200187921033        0.182200187921033                        0
       365                        0        0.182276125329327                        0        0.182202391479161        0.182202391479161                        0
       370                        0        0.182276173001252                        0        0.182204485635296        0.182204485635296                        0
       375                        0        0.182276218076085                        0        0.182206505692836        0.182206505692836                        0
       380                        0        0.182276260702169                        0        0.182208444191643        0.182208444191643                        0
       385                        0        0.182276301047292                        0        0.182210294230119        0.182210294230119                        0
       390                        0        0.182276339277444                        0        0.182212074937046        0.182212074937046                        0
       395                        0        0.182276375519511                        0        0.182213788330726        0.182213788330726                        0
       400                        0        0.182276409899277                        0        0.182215429850006        0.182215429850006                        0
       405                        0        0.182276442543287                        0        0.182217009264433        0.182217009264433                        0
       410                        0        0.182276473556974                        0        0.182218531135482        0.182218531135482                        0
       415                        0        0.182276503038566                        0        0.182219993657317        0.182219993657317                        0
       420                        0        0.182276531085603                        0        0.182221401799817        0.182221401799817                        0
       425                        0         0.18227655778418                        0         0.18222275996713         0.18222275996713                        0
       430                        0        0.182276583212838                        0        0.182224068226232        0.182224068226232                        0
       435                        0        0.182276607447994                        0        0.182225329317625        0.182225329317625                        0
       440                        0        0.182276630559429                        0         0.18222654674665         0.18222654674665                        0
       445                        0        0.182276652610763                        0        0.182227721540813        0.182227721540813                        0
       450                        0        0.182276673662818                        0        0.182228855482409        0.182228855482409                        0
       455                        0        0.182276693772151                        0        0.182229951190085        0.182229951190085                        0
       460                        0        0.182276712990667                        0        0.182231010037833        0.182231010037833                        0
       465                        0        0.182276731367443                        0        0.182232033404323        0.182232033404323                        0
       470                        0        0.182276748948495                        0        0.182233023236865        0.182233023236865                        0
       475                        0        0.182276765776395                        0        0.182233980926256        0.182233980926256                        0
       480                        0        0.182276781891178                        0        0.182234907656707        0.182234907656707                        0
       485                        0        0.182276797330503                        0        0.182235804915527        0.182235804915527                        0
       490                        0        0.182276812129463                        0        0.182236673968308        0.182236673968308                        0
       495                        0        0.182276826320994                        0        0.182237515870295        0.182237515870295                        0
       500                        0        0.182276839936125                        0        0.182238331801648        0.182238331801648                        0
       505                        0        0.182276853003918                        0        0.182239122862595        0.182239122862595                        0
       510                        0        0.182276865551669                        0        0.182239889995668        0.182239889995668                        0
       515                        0         0.18227687760511                        0        0.182240634171297        0.182240634171297                        0
       520                        0        0.182276889188432                        0        0.182241356329926        0.182241356329926                        0
       525                        0        0.182276900324391                        0        0.182242057306823        0.182242057306823                        0
       530                        0        0.182276911034462                        0        0.182242737921354        0.182242737921354                        0
       535                        0        0.182276921338882                        0        0.182243398975492        0.182243398975492                        0
       540                        0        0.182276931256731                        0        0.182244041203573        0.182244041203573                        0
       545                        0        0.182276940806028                        0        0.182244665309337        0.182244665309337                        0
       550                        0        0.182276950003793                        0        0.182245271979625        0.182245271979625                        0
       555                        0        0.182276958866102                        0        0.182245861856898        0.182245861856898                        0
       560                        0        0.182276967408153                        0        0.182246435551702        0.182246435551702                        0
       565                        0        0.182276975644334                        0        0.182246993656163        0.182246993656163                        0
       570                        0        0.182276983588251                        0        0.182247536731468        0.182247536731468                        0
       575                        0         0.18227699125279                        0        0.182248065310415        0.182248065310415                        0
       580                        0        0.182276998650165                        0        0.182248579906927        0.182248579906927                        0
       585                        0        0.182277005791948                        0        0.182249081011581        0.182249081011581                        0
       590                        0        0.182277012689114                        0         0.18224956909108         0.18224956909108                        0
       595                        0        0.182277019352078                        0        0.182250044594083        0.182250044594083                        0
       600                        0        0.182277025790722                        0        0.182250507950438        0.182250507950438                        0
       605                        0        0.182277032014435                        0        0.182250959570172        0.182250959570172                        0
       610                        0        0.182277038032134                        0        0.182251399846916        0.182251399846916                        0
       615                        0        0.182277043852294                        0        0.182251829158373        0.182251829158373                        0
       620                        0        0.182277049482978                        0        0.182252247865841        0.182252247865841                        0
       625                        0        0.182277054931855                        0        0.182252656316006        0.182252656316006                        0
       630                        0        0.182277060206219                        0        0.182253054841883        0.182253054841883                        0
       635                        0        0.182277065313022                        0        0.182253443762687        0.182253443762687                        0
       640                        0         0.18227707025888                        0        0.182253823384853        0.182253823384853                        0
