#square and square, nu_xymn_2
#MM NN: 0 0
#quadrature order: 16
#numpanels            c*(gradu.n)^2                      BEM        0.5*(gradu)^2 ex.       Boundary Formula 1       Boundary Formula 2
        10                        0      -0.0855329389411184                        0        0.105046677920493        0.105046677920493                        0
        15                        0        -0.22630479547647                        0      -0.0267316197676515      -0.0267316197676515                        0
        20                        0       -0.128240309271041                        0       0.0753623051956218       0.0753623051956218                        0
        25                        0       -0.191915595682688                        0       0.0287455139204065       0.0287455139204065                        0
        30                        0       -0.119906227904181                        0       -0.133077220913614       -0.133077220913614                        0
        35                        0       -0.128856446302551                        0      -0.0587218586123319      -0.0587218586123319                        0
        40                        0       -0.145890727108457                        0      -0.0362792584238105      -0.0362792584238105                        0
        45                        0       -0.167625089648853                        0       -0.199309637690992       -0.199309637690992                        0
        50                        0       -0.169408616261863                        0        -0.17999992571027        -0.17999992571027                        0
        55                        0       -0.180154077285075                        0       -0.146657180491375       -0.146657180491375                        0
        60                        0       -0.182961319853125                        0       -0.195025713635375       -0.195025713635375                        0
        65                        0       -0.183540924866374                        0       -0.197894615727992       -0.197894615727992                        0
        70                        0       -0.184724918442726                        0       -0.166024349662236       -0.166024349662236                        0
        75                        0       -0.185967304796795                        0       -0.187813208241737       -0.187813208241737                        0
        80                        0       -0.185866431978683                        0       -0.193780754762544       -0.193780754762544                        0
        85                        0       -0.186266031972624                        0        -0.17711228281707        -0.17711228281707                        0
        90                        0         -0.1867257314954                        0        -0.18394657136871        -0.18394657136871                        0
        95                        0       -0.186741840146309                        0       -0.191195676998559       -0.191195676998559                        0
       100                        0       -0.186870447333905                        0       -0.182610321490167       -0.182610321490167                        0
       105                        0       -0.187092280401204                        0       -0.183841740501065       -0.183841740501065                        0
       110                        0       -0.187140236632958                        0       -0.189127278345681       -0.189127278345681                        0
       115                        0       -0.187195037439201                        0       -0.185439613233785       -0.185439613233785                        0
       120                        0       -0.187305506335371                        0       -0.184739830221357       -0.184739830221357                        0
       125                        0       -0.187353636587072                        0       -0.187896981165953       -0.187896981165953                        0
       130                        0       -0.187385070020974                        0       -0.186704730218724       -0.186704730218724                        0
       135                        0       -0.187442764912092                        0       -0.185681908951598       -0.185681908951598                        0
       140                        0       -0.187479772287303                        0       -0.187336979577441       -0.187336979577441                        0
       145                        0        -0.18750182736574                        0       -0.187175229878707       -0.187175229878707                        0
       150                        0        -0.18753406743088                        0       -0.186409482834526       -0.186409482834526                        0
       155                        0       -0.187559963408084                        0       -0.187155017895478       -0.187155017895478                        0
       160                        0        -0.18757673167903                        0       -0.187335379260725       -0.187335379260725                        0
       165                        0       -0.187596098628207                        0       -0.186879899115791       -0.186879899115791                        0
       170                        0       -0.187613938150283                        0       -0.187167606010775       -0.187167606010775                        0
       175                        0       -0.187626621008946                        0       -0.187387768871725       -0.187387768871725                        0
       180                        0       -0.187639352788389                        0       -0.187164950223115       -0.187164950223115                        0
       185                        0       -0.187651618653011                        0       -0.187249597942475       -0.187249597942475                        0
       190                        0       -0.187661236825342                        0       -0.187418577667008       -0.187418577667008                        0
       195                        0       -0.187670141198985                        0       -0.187331775111922       -0.187331775111922                        0
       200                        0       -0.187678779982706                        0       -0.187343004156337       -0.187343004156337                        0
       205                        0       -0.187686048765948                        0       -0.187450854435911       -0.187450854435911                        0
       210                        0       -0.187692576501865                        0       -0.187431377409227       -0.187431377409227                        0
       215                        0       -0.187698831642743                        0        -0.18742450803552        -0.18742450803552                        0
       220                        0       -0.187704349540943                        0       -0.187486824472719       -0.187486824472719                        0
       225                        0       -0.187709282119748                        0       -0.187494695193879       -0.187494695193879                        0
       230                        0       -0.187713942159284                        0       -0.187488870430654       -0.187488870430654                        0
       235                        0       -0.187718168229783                        0       -0.187523178703042       -0.187523178703042                        0
       240                        0       -0.187721974964384                        0       -0.187538713156856       -0.187538713156856                        0
       245                        0        -0.18772553307989                        0       -0.187537888508951       -0.187537888508951                        0
       250                        0       -0.187728811027619                        0       -0.187556891782318       -0.187556891782318                        0
       255                        0       -0.187731793365518                        0        -0.18757204321952        -0.18757204321952                        0
       260                        0       -0.187734568396991                        0       -0.187575138240377       -0.187575138240377                        0
       265                        0       -0.187737144397665                        0       -0.187586454631953       -0.187586454631953                        0
       270                        0       -0.187739511914713                        0       -0.187598828149019       -0.187598828149019                        0
       275                        0       -0.187741712657463                        0       -0.187603927170618       -0.187603927170618                        0
       280                        0       -0.187743764771277                        0       -0.187611561012967       -0.187611561012967                        0
       285                        0       -0.187745665615831                        0       -0.187621071516141       -0.187621071516141                        0
       290                        0         -0.1877474357999                        0       -0.187626728861753       -0.187626728861753                        0
       295                        0       -0.187749091040259                        0       -0.187632572361729       -0.187632572361729                        0
       300                        0       -0.187750633674285                        0       -0.187639824519331       -0.187639824519331                        0
       305                        0       -0.187752074440051                        0       -0.187645236539125       -0.187645236539125                        0
       310                        0       -0.187753424932391                        0       -0.187650100606728       -0.187650100606728                        0
       315                        0       -0.187754689364468                        0       -0.187655739576464       -0.187655739576464                        0
       320                        0       -0.187755874170911                        0       -0.187660570046575       -0.187660570046575                        0
       325                        0       -0.187756987387592                        0       -0.187664777616353       -0.187664777616353                        0
       330                        0       -0.187758033422942                        0        -0.18766929673906        -0.18766929673906                        0
       335                        0         -0.1877590167369                        0       -0.187673473667517       -0.187673473667517                        0
       340                        0       -0.187759942841524                        0       -0.187677155873472       -0.187677155873472                        0
       345                        0        -0.18776081565315                        0       -0.187680886250413       -0.187680886250413                        0
       350                        0       -0.187761638544112                        0       -0.187684458037342       -0.187684458037342                        0
       355                        0        -0.18776241540704                        0       -0.187687683214929       -0.187687683214929                        0
       360                        0       -0.187763149444762                        0       -0.187690835462367       -0.187690835462367                        0
       365                        0       -0.187763843339987                        0       -0.187693889772873       -0.187693889772873                        0
       370                        0       -0.187764499928184                        0       -0.187696710651712       -0.187696710651712                        0
       375                        0       -0.187765121753897                        0       -0.187699418461219       -0.187699418461219                        0
       380                        0       -0.187765710975471                        0       -0.187702044297333       -0.187702044297333                        0
       385                        0       -0.187766269735268                        0       -0.187704510637101       -0.187704510637101                        0
       390                        0        -0.18776680003084                        0       -0.187706862238269       -0.187706862238269                        0
       395                        0       -0.187767303605697                        0       -0.187709136139042       -0.187709136139042                        0
       400                        0       -0.187767782122512                        0        -0.18771129551744        -0.18771129551744                        0
       405                        0       -0.187768237153342                        0       -0.187713352983999       -0.187713352983999                        0
       410                        0        -0.18776867010615                        0       -0.187715336575279       -0.187715336575279                        0
       415                        0       -0.187769082297622                        0       -0.187717232633208       -0.187717232633208                        0
       420                        0       -0.187769474974388                        0       -0.187719042646708       -0.187719042646708                        0
       425                        0       -0.187769849274788                        0       -0.187720784477317       -0.187720784477317                        0
       430                        0       -0.187770206256023                        0        -0.18772245562845        -0.18772245562845                        0
       435                        0        -0.18777054691622                        0       -0.187724055163682       -0.187724055163682                        0
       440                        0       -0.187770872178612                        0       -0.187725593521871       -0.187725593521871                        0
       445                        0       -0.187771182900407                        0       -0.187727072616509       -0.187727072616509                        0
       450                        0       -0.187771479888475                        0       -0.187728491922091       -0.187728491922091                        0
       455                        0       -0.187771763895115                        0       -0.187729857369497       -0.187729857369497                        0
       460                        0       -0.187772035620602                        0       -0.187731172038195       -0.187731172038195                        0
       465                        0       -0.187772295723025                        0       -0.187732436286249       -0.187732436286249                        0
