               0
               0
               0
               0
17.1111829179582
16.3251666908195
11.4238924216618
14.0958650350829
11.2363427996094
12.7762780164655
12.4465362790925
12.0375579595882
11.7996383289913
11.6044349881916
11.4536283380981
11.3324682545358
11.2333262420443
11.1513364981772
11.0827652125422
11.0248481089976
10.9754915280667
10.9330898014221
10.8963958642501
10.8644296054866
10.8364123323322
 10.811719180503
10.7898441013662
10.7703737817485
10.7529679926015
 10.737344622161
10.7232681623335
10.7105407684852
10.6989952566051
10.6884895730131
10.6789023933942
10.6701295952658
10.6620814113497
10.6546801177378
10.6478581450684
10.6415565265277
10.6357236157483
10.6303140222682
 10.625287723358
10.6206093195936
10.6162474081858
10.6121740532464
10.6083643362227
10.6047959729261
 10.601448986112
10.5983054245884
